146590	1	1
237835	1	1
7807	1	1
7093	1	1
374939	1	3
143191	3	3
35973	3	3
170431	3	5
153254	5	5
383127	5	5
329966	5	5
176234	5	5
367213	5	5
51961	5	5
422708	5	5
524815	5	5
47420	5	5
547875	5	5
195129	5	5
431788	5	5
232100	5	5
111105	5	5
135858	5	5
277612	5	5
460526	5	5
516684	5	5
850614	5	5
452351	5	5
337353	5	5
74252	5	5
613621	5	5
484707	5	5
416128	6	6
237408	6	6
235073	6	6
227289	6	6
773391	6	6
684203	6	6
613746	6	7
517354	7	7
149914	7	7
87004	7	7
499696	7	7
95925	7	7
94713	7	7
529799	8	8
337677	8	8
153868	8	8
98733	8	8
118977	8	8
169044	8	8
430205	8	9
280669	10	10
224354	10	10
131423	10	10
58636	10	11
209934	11	11
449051	11	11
329863	11	11
136042	11	11
176094	11	11
399531	11	11
248224	11	12
256069	12	12
174285	12	12
99498	12	12
170852	12	12
430321	12	12
449528	13	13
313432	13	13
275056	13	13
122620	13	13
86821	13	13
35573	13	13
57766	13	13
248411	14	15
149618	15	15
13276	15	15
102217	15	15
574974	15	15
518744	15	15
490906	15	16
364771	15	16
93379	16	16
465140	16	16
210593	16	17
367201	17	17
92497	17	17
165610	17	17
85792	17	17
77146	17	17
361898	17	18
342770	17	19
188460	19	19
241930	19	19
625571	19	19
124196	19	19
101246	19	19
77827	19	19
179669	20	21
160923	21	21
301581	21	21
575388	21	21
376412	21	22
53814	21	23
4241	23	24
37151	24	24
214831	24	24
227415	24	25
22971	25	25
23238	27	27
68069	27	29
137655	28	29
224769	29	29
252255	29	29
274198	29	29
620360	29	29
525268	29	29
166716	29	29
58182	30	31
277084	31	31
209897	31	31
18131	31	33
285008	33	33
522865	33	33
522901	33	33
82980	33	33
96710	33	33
129721	33	35
444849	35	35
61658	35	35
15546	35	35
410246	35	35
433355	35	35
206648	36	36
543409	36	36
296661	36	36
13786	36	36
129539	37	39
98140	40	40
715603	40	40
118078	40	40
49862	40	40
457634	40	40
50399	40	40
326747	40	40
340377	40	41
321115	42	42
122208	42	42
445877	42	42
416229	42	43
247136	42	44
139864	44	45
21556	45	45
228843	45	45
288816	45	45
293341	46	46
483007	47	48
357953	48	48
345377	48	48
127662	48	49
63401	49	50
649356	50	50
480872	50	50
110575	50	50
100613	50	50
129644	50	51
25735	51	52
167906	52	52
605941	52	53
336759	53	54
129602	54	54
109945	54	54
182423	54	54
11325	55	56
609656	56	56
136138	56	56
334341	56	56
284475	56	56
240815	56	56
360099	56	56
533465	57	57
279774	57	57
327373	57	57
399537	57	57
113323	57	58
574666	58	60
688216	61	61
665014	61	62
489335	62	62
166337	62	62
70861	62	63
441284	64	64
676934	64	64
641817	64	64
11962	64	64
485568	64	64
17938	64	64
167417	64	64
569888	64	64
585527	64	64
139649	65	65
123193	65	65
229157	65	65
375600	65	65
401888	65	65
8712	66	66
224050	66	66
48223	66	66
55714	66	66
124541	66	66
62145	66	66
601877	66	67
59782	67	67
7957	67	67
37317	67	67
182568	67	68
185670	68	68
239413	68	68
67703	68	68
24759	68	68
42428	68	68
239221	68	68
629284	68	69
664722	69	69
531847	69	69
82169	69	70
37811	70	70
76201	70	70
197978	70	70
297641	70	70
151165	70	70
389596	70	71
416923	72	72
243480	73	74
39028	74	74
210642	74	74
617755	74	74
119404	74	75
258644	74	75
274232	75	75
106017	75	76
575022	76	76
553945	76	76
508147	76	76
462413	76	76
86828	76	76
232578	76	76
232705	76	76
266241	76	76
373968	76	76
122466	77	78
62245	78	78
113764	78	79
219456	79	79
118256	79	79
322904	79	79
356040	79	79
405778	79	79
360665	79	79
35314	79	79
215797	79	79
593944	79	79
18420	79	80
319502	80	80
4810	80	80
123457	80	80
270658	80	80
109233	80	81
346413	81	81
379054	81	81
529803	81	81
323597	81	81
183795	81	81
23335	81	82
19057	82	82
95113	82	82
59758	82	82
1813	82	82
147510	82	82
312061	82	82
215753	82	82
636661	82	82
78753	82	82
226324	82	82
314972	82	84
170665	84	84
64033	84	84
96528	84	84
215277	84	84
625250	84	84
305129	84	85
453526	85	85
355494	85	85
499381	85	86
539013	85	86
539432	86	86
539699	86	86
476775	86	86
276835	86	86
276229	86	86
426236	86	86
747200	87	89
366597	89	89
171972	89	89
59218	89	89
11796	89	90
