146590	1	1
237835	1	1
3455	1	1
155421	1	1
206213	1	1
156274	1	1
389672	1	1
13243	1	2
100681	2	2
375781	2	3
309451	3	3
241803	3	3
609699	3	3
204731	4	5
119114	5	5
12828	5	5
268340	5	5
297711	5	5
581678	5	5
55717	5	5
89631	5	5
656332	5	5
239406	5	5
249701	5	5
258501	5	5
136980	5	5
283227	5	5
214430	5	5
110480	5	5
374005	6	6
218814	6	6
161247	6	6
595668	6	6
203246	6	6
367311	6	6
81955	6	7
657030	7	7
409447	7	8
22548	8	8
173936	8	8
119624	8	9
237138	10	10
323447	10	10
208131	11	11
210160	11	11
512027	11	11
581782	11	11
35979	11	11
467584	12	12
413437	12	12
38131	12	12
60780	12	12
153481	12	12
370201	13	13
200257	13	13
77	13	13
183507	13	13
450951	13	13
153273	13	13
769242	13	13
620506	13	14
542932	13	15
101322	15	15
233844	15	15
184072	15	15
85957	15	15
63255	15	15
341934	15	16
231901	15	16
78081	16	16
11095	16	16
58449	16	16
137282	16	16
362472	16	17
81123	17	18
58419	18	18
175264	18	18
149035	18	18
97791	18	18
449268	18	18
1890	18	18
191702	18	18
364118	18	18
52367	19	20
15063	20	20
559689	20	20
696142	20	22
169555	22	22
115441	22	22
23514	22	22
598192	22	22
817386	22	22
284650	22	22
179558	22	22
123953	22	23
54018	23	24
355437	24	24
401496	24	24
76804	24	24
204097	25	26
397795	26	27
41694	27	27
220726	27	28
202126	27	29
457337	28	32
579008	32	32
171079	32	32
507377	32	32
586535	32	32
785710	32	32
41654	32	32
133242	32	32
433428	32	32
289445	32	32
32192	32	34
672313	34	34
94892	34	34
117351	34	34
174988	34	35
53286	36	36
348531	36	37
421297	37	37
171676	37	37
352355	38	40
335555	40	40
147903	40	40
234391	40	40
102696	40	40
149254	40	41
386925	41	41
81134	41	41
95903	41	41
243310	41	41
456082	41	41
105772	41	41
21984	42	42
130599	42	42
129735	42	42
186126	42	42
79393	42	42
29482	42	42
258701	42	42
273436	42	42
179099	42	42
473169	42	42
89980	42	44
746956	43	44
382160	44	44
187509	44	44
193691	44	45
281047	44	45
339501	45	45
349124	45	45
87423	45	45
86732	45	46
289206	47	47
136781	47	47
73580	47	47
13837	47	47
233545	47	47
307615	48	48
460676	48	48
645467	48	48
339967	48	48
26356	48	48
373737	49	49
374117	49	49
480869	49	49
350212	49	49
36874	49	49
149551	49	49
92227	49	51
152581	51	51
13483	51	51
162121	51	51
199503	51	51
409118	51	51
446398	51	51
460319	51	51
314293	51	51
156198	51	51
695469	51	51
330254	51	52
237162	51	53
245926	53	53
891	53	53
201557	53	53
291961	53	54
433984	53	55
281670	55	55
4417	55	55
301081	55	56
188371	56	57
4017	57	58
493943	58	59
161972	59	59
169039	59	59
235878	59	59
81618	59	59
383377	59	59
215180	59	59
83904	59	59
109127	62	62
121490	62	62
353313	62	62
160080	62	62
22803	62	62
218125	62	62
184931	62	62
38965	62	62
305379	62	62
212388	63	64
79340	64	64
17706	64	64
68071	64	64
93895	64	64
22692	64	66
73067	66	66
140990	66	66
633866	66	67
458877	67	67
170331	67	67
58220	68	69
31282	69	69
242551	71	71
157340	71	71
101707	71	71
17581	71	71
128074	71	71
103034	71	72
72464	71	73
79246	74	74
124421	74	74
147862	74	74
47461	75	75
574369	75	75
407865	75	75
107710	75	75
269537	75	75
76094	75	75
21186	75	75
130795	75	75
175303	75	75
409012	76	77
28721	77	77
16166	77	77
109010	77	77
37422	77	78
212602	78	78
137452	78	78
114520	78	79
8323	78	79
27997	79	79
208054	79	80
154590	80	80
190157	80	80
372230	80	80
448339	80	80
472552	80	80
228967	82	82
307760	82	82
334720	82	82
330384	82	82
287850	82	83
309047	83	83
120020	83	83
187783	83	84
86093	84	84
45581	84	84
379089	84	84
547374	85	88
348253	88	88
257791	88	88
371829	88	88
360792	88	88
70386	88	88
269207	88	89
208665	90	90
129051	90	90
140741	90	90
