282959	1	1
146590	1	1
237835	1	1
592594	1	1
412701	1	1
348815	1	1
7807	1	1
708519	1	1
89755	1	1
684748	1	1
7093	1	1
507815	1	1
709671	1	3
374939	1	3
693093	3	3
143191	3	3
367418	3	3
768707	3	3
497370	3	3
35973	3	3
917598	3	3
599520	3	4
170431	3	5
342769	4	5
457437	5	5
814218	5	5
153254	5	5
944092	5	5
383127	5	5
792583	5	5
596160	5	5
329966	5	5
176234	5	5
809410	5	5
904964	5	5
367213	5	5
700611	5	5
51961	5	5
994978	5	5
422708	5	5
906545	5	5
789869	5	5
913391	5	5
524815	5	5
47420	5	5
832209	5	5
741610	5	5
547875	5	5
951121	5	5
195129	5	5
645335	5	5
918970	5	5
963808	5	5
431788	5	5
232100	5	5
111105	5	5
135858	5	5
472728	5	5
713166	5	5
277612	5	5
761340	5	5
616760	5	5
596739	5	5
460526	5	5
589147	5	5
516684	5	5
965833	5	5
949932	5	5
879464	5	5
850614	5	5
452351	5	5
514233	5	5
337353	5	5
74252	5	5
700296	5	5
989224	5	5
937106	5	5
613621	5	5
781106	5	5
676941	5	5
991298	5	5
484707	5	5
792129	5	5
499392	5	6
541829	5	6
416128	6	6
237408	6	6
482514	6	6
235073	6	6
890113	6	6
576297	6	6
227289	6	6
879455	6	6
836790	6	6
914363	6	6
773391	6	6
684203	6	6
862948	6	7
613746	6	7
831282	7	7
517354	7	7
149914	7	7
87004	7	7
979707	7	7
499696	7	7
613253	7	7
685106	7	7
95925	7	7
246126	7	7
700788	7	7
94713	7	7
957341	7	7
774154	7	8
882091	7	8
529799	8	8
337677	8	8
153868	8	8
98733	8	8
982126	8	8
118977	8	8
169044	8	8
967712	8	8
430205	8	9
825043	8	10
926280	9	10
842114	10	10
280669	10	10
562893	10	10
798869	10	10
224354	10	10
131423	10	10
337351	10	11
58636	10	11
720708	11	11
209934	11	11
449051	11	11
667368	11	11
555424	11	11
881395	11	11
329863	11	11
136042	11	11
533144	11	11
176094	11	11
772290	11	11
399531	11	11
992075	11	11
666211	11	12
248224	11	12
256069	12	12
260327	12	12
349880	12	12
279167	12	12
174285	12	12
308162	12	12
579716	12	12
99498	12	12
181567	12	12
170852	12	12
430321	12	12
874451	12	12
553957	12	13
510707	12	13
449528	13	13
789736	13	13
885231	13	13
313432	13	13
950357	13	13
991336	13	13
478819	13	13
275056	13	13
122620	13	13
86821	13	13
934907	13	13
35573	13	13
813918	13	13
57766	13	13
479556	13	14
459120	13	15
248411	14	15
301381	15	15
861154	15	15
149618	15	15
13276	15	15
102217	15	15
878399	15	15
577974	15	15
659673	15	15
574974	15	15
886024	15	15
518744	15	15
490906	15	16
364771	15	16
93379	16	16
608925	16	16
597857	16	16
745198	16	16
465140	16	16
781868	16	16
857421	16	16
210593	16	17
608027	16	17
367201	17	17
710595	17	17
620443	17	17
544468	17	17
92497	17	17
370077	17	17
430228	17	17
829907	17	17
165610	17	17
85792	17	17
654587	17	17
267053	17	17
77146	17	17
453209	17	17
733881	17	17
580737	17	17
361898	17	18
342770	17	19
462813	18	19
188460	19	19
955189	19	19
241930	19	19
625571	19	19
859301	19	19
680609	19	19
931347	19	19
124196	19	19
501797	19	19
157782	19	19
101246	19	19
614719	19	19
77827	19	19
615257	19	19
199683	19	20
810408	19	21
179669	20	21
703123	21	21
708857	21	21
160923	21	21
907390	21	21
999277	21	21
529669	21	21
301581	21	21
901858	21	21
575388	21	21
992008	21	21
651107	21	21
376412	21	22
53814	21	23
488307	22	23
719122	23	23
794173	23	23
4241	23	24
781014	23	24
653389	24	24
973916	24	24
37151	24	24
214831	24	24
693484	24	24
227415	24	25
914527	24	25
833295	25	25
22971	25	25
573419	25	26
493064	25	27
938723	26	27
23238	27	27
656875	27	27
872493	27	28
68069	27	29
137655	28	29
947352	29	29
232552	29	29
224769	29	29
252255	29	29
274198	29	29
891691	29	29
969257	29	29
823933	29	29
620360	29	29
525268	29	29
166716	29	29
375840	29	29
909157	29	30
438846	29	31
58182	30	31
605252	31	31
650640	31	31
277084	31	31
638716	31	31
209897	31	31
427035	31	32
18131	31	33
353818	32	33
285008	33	33
671134	33	33
522865	33	33
561771	33	33
522901	33	33
571243	33	33
931127	33	33
82980	33	33
939050	33	33
96710	33	33
450926	33	34
129721	33	35
920822	34	35
444849	35	35
574487	35	35
766984	35	35
61658	35	35
488213	35	35
695058	35	35
641879	35	35
15546	35	35
690249	35	35
410246	35	35
735166	35	35
897409	35	35
433355	35	35
644772	35	36
759738	35	36
206648	36	36
606282	36	36
921232	36	36
543409	36	36
810880	36	36
296661	36	36
652561	36	36
766812	36	36
13786	36	36
239177	36	36
937170	36	37
614901	36	38
129539	37	39
874742	38	40
649957	39	40
98140	40	40
832878	40	40
929770	40	40
715603	40	40
907884	40	40
118078	40	40
938883	40	40
49862	40	40
457634	40	40
851594	40	40
718847	40	40
724029	40	40
50399	40	40
594850	40	40
979485	40	40
459504	40	40
326747	40	40
340377	40	41
828684	40	42
858393	41	42
459425	42	42
321115	42	42
897271	42	42
415691	42	42
122208	42	42
996180	42	42
730420	42	42
686512	42	42
445877	42	42
836631	42	42
873915	42	42
416229	42	43
247136	42	44
979572	43	44
485104	44	44
884545	44	44
139864	44	45
501097	44	45
993413	45	45
21556	45	45
228843	45	45
288816	45	45
633967	45	45
990791	45	46
342115	45	46
293341	46	46
792384	46	46
546496	46	47
600657	46	48
483007	47	48
357953	48	48
345377	48	48
127662	48	49
388086	48	50
63401	49	50
938005	50	50
839669	50	50
649356	50	50
948363	50	50
480872	50	50
801136	50	50
786786	50	50
110575	50	50
997601	50	50
100613	50	50
453183	50	50
712633	50	50
129644	50	51
880118	50	52
25735	51	52
298684	52	52
167906	52	52
695072	52	52
645463	52	52
937146	52	52
605941	52	53
818832	52	54
336759	53	54
917819	54	54
673504	54	54
129602	54	54
884726	54	54
200792	54	54
109945	54	54
836833	54	54
943291	54	54
182423	54	54
396900	54	54
300875	54	55
716002	54	56
11325	55	56
609656	56	56
765793	56	56
742153	56	56
704803	56	56
136138	56	56
562328	56	56
649621	56	56
998539	56	56
334341	56	56
284475	56	56
537246	56	56
240815	56	56
360099	56	56
890913	56	57
772905	56	57
577451	57	57
533465	57	57
279774	57	57
327373	57	57
504729	57	57
920662	57	57
399537	57	57
991563	57	57
551011	57	57
771106	57	57
113323	57	58
706482	57	59
574666	58	60
829192	59	61
988953	60	61
886674	61	61
688216	61	61
878773	61	62
665014	61	62
953551	62	62
819513	62	62
489335	62	62
982290	62	62
166337	62	62
278816	62	62
70861	62	63
831415	62	64
557546	63	64
441284	64	64
676934	64	64
988482	64	64
766098	64	64
827913	64	64
641817	64	64
11962	64	64
758392	64	64
844135	64	64
792157	64	64
485568	64	64
17938	64	64
295706	64	64
394513	64	64
701050	64	64
167417	64	64
569888	64	64
585527	64	64
590203	64	65
785228	64	65
732190	65	65
139649	65	65
461161	65	65
762715	65	65
950840	65	65
123193	65	65
229157	65	65
375600	65	65
858725	65	65
547745	65	65
916817	65	65
401888	65	65
589084	65	66
503372	65	66
571478	66	66
8712	66	66
939943	66	66
335558	66	66
611387	66	66
224050	66	66
48223	66	66
55714	66	66
966515	66	66
124541	66	66
587045	66	66
981883	66	66
62145	66	66
601877	66	67
773823	66	67
812459	67	67
688853	67	67
59782	67	67
7957	67	67
747431	67	67
37317	67	67
246063	67	67
697204	67	68
182568	67	68
444260	68	68
440343	68	68
439366	68	68
185670	68	68
239413	68	68
997074	68	68
945716	68	68
817815	68	68
67703	68	68
24759	68	68
42428	68	68
557568	68	68
435652	68	68
239221	68	68
933330	68	68
629284	68	69
790134	68	69
988143	69	69
664722	69	69
882127	69	69
531847	69	69
847629	69	69
700718	69	70
82169	69	70
744490	70	70
302068	70	70
37811	70	70
388143	70	70
76201	70	70
214105	70	70
502252	70	70
267606	70	70
197978	70	70
389032	70	70
297641	70	70
905745	70	70
563565	70	70
966549	70	70
151165	70	70
389596	70	71
433577	70	72
709796	71	72
416923	72	72
441952	72	72
851270	72	73
634879	72	74
243480	73	74
39028	74	74
697647	74	74
291112	74	74
236352	74	74
210642	74	74
617755	74	74
851971	74	74
796927	74	74
712593	74	74
119404	74	75
258644	74	75
924391	75	75
343938	75	75
760029	75	75
274232	75	75
897067	75	75
357067	75	76
106017	75	76
847120	76	76
575022	76	76
917512	76	76
577504	76	76
553945	76	76
508147	76	76
780327	76	76
462413	76	76
86828	76	76
923899	76	76
232578	76	76
232705	76	76
266241	76	76
854153	76	76
373968	76	76
428645	76	76
426195	76	77
798466	76	78
122466	77	78
62245	78	78
630805	78	78
181319	78	79
113764	78	79
830386	79	79
291050	79	79
219456	79	79
872125	79	79
978196	79	79
118256	79	79
984451	79	79
727233	79	79
885215	79	79
322904	79	79
356040	79	79
840528	79	79
874124	79	79
487141	79	79
405778	79	79
576749	79	79
360665	79	79
35314	79	79
750942	79	79
935621	79	79
215797	79	79
948972	79	79
636264	79	79
593944	79	79
743453	79	79
18420	79	80
406298	79	80
721133	80	80
319502	80	80
484343	80	80
704321	80	80
4810	80	80
941782	80	80
803782	80	80
482099	80	80
123457	80	80
297253	80	80
808465	80	80
674052	80	80
270658	80	80
981338	80	80
919536	80	80
109233	80	81
654817	80	81
346413	81	81
379054	81	81
749878	81	81
675525	81	81
647746	81	81
529803	81	81
323597	81	81
552648	81	81
183795	81	81
762724	81	81
952376	81	81
505145	81	81
23335	81	82
669163	81	82
19057	82	82
569882	82	82
588087	82	82
263244	82	82
95113	82	82
59758	82	82
1813	82	82
174550	82	82
376770	82	82
147510	82	82
467211	82	82
312061	82	82
580693	82	82
370346	82	82
513684	82	82
215753	82	82
937196	82	82
636661	82	82
691992	82	82
856966	82	82
78753	82	82
869209	82	82
226324	82	82
650847	82	83
314972	82	84
346406	83	84
388526	84	84
170665	84	84
381425	84	84
356871	84	84
64033	84	84
103142	84	84
96528	84	84
404334	84	84
215277	84	84
800492	84	84
625250	84	84
777125	84	84
639100	84	84
305129	84	85
805043	84	85
804915	85	85
752947	85	85
453526	85	85
815033	85	85
355494	85	85
718416	85	85
609341	85	85
686689	85	85
499381	85	86
539013	85	86
698543	86	86
539432	86	86
804015	86	86
539699	86	86
875183	86	86
756965	86	86
476775	86	86
745375	86	86
508916	86	86
990503	86	86
276835	86	86
579324	86	86
998361	86	86
276229	86	86
426236	86	86
808962	86	87
793092	86	88
747200	87	89
998644	88	89
366597	89	89
556483	89	89
171972	89	89
735729	89	89
59218	89	89
868420	89	89
11796	89	90
