282959	1	1
146590	1	1
237835	1	1
592594	1	1
412701	1	1
348815	1	1
3455	1	1
591574	1	1
155421	1	1
498093	1	1
206213	1	1
501066	1	1
984965	1	1
861121	1	1
156274	1	1
698029	1	1
389672	1	1
449705	1	1
833256	1	2
13243	1	2
100681	2	2
485183	2	2
918593	2	2
873696	2	2
375781	2	3
896869	2	3
309451	3	3
929156	3	3
577875	3	3
646617	3	3
241803	3	3
609699	3	3
793953	3	3
945856	3	4
833943	3	5
204731	4	5
119114	5	5
202068	5	5
440185	5	5
399686	5	5
12828	5	5
994424	5	5
268340	5	5
406618	5	5
787437	5	5
297711	5	5
906769	5	5
847213	5	5
581678	5	5
622506	5	5
55717	5	5
974195	5	5
89631	5	5
656332	5	5
715309	5	5
832620	5	5
845802	5	5
239406	5	5
980434	5	5
705776	5	5
373194	5	5
249701	5	5
616005	5	5
410371	5	5
748222	5	5
258501	5	5
868839	5	5
136980	5	5
758936	5	5
999015	5	5
459269	5	5
283227	5	5
214430	5	5
603116	5	5
110480	5	5
991457	5	6
512611	5	6
936184	6	6
374005	6	6
451941	6	6
408249	6	6
218814	6	6
724413	6	6
161247	6	6
984958	6	6
862913	6	6
620658	6	6
595668	6	6
203246	6	6
741753	6	6
601379	6	6
662719	6	6
367311	6	6
739779	6	7
81955	6	7
691242	7	7
657030	7	7
898605	7	7
756683	7	8
409447	7	8
530878	8	8
613901	8	8
868402	8	8
22548	8	8
478443	8	8
173936	8	8
238786	8	8
821970	8	8
119624	8	9
314964	8	10
343846	9	10
736477	10	10
237138	10	10
418770	10	10
902752	10	10
818844	10	10
323447	10	10
496328	10	11
757428	10	11
615271	11	11
208131	11	11
978506	11	11
210160	11	11
512027	11	11
789240	11	11
753391	11	11
581782	11	11
645802	11	11
35979	11	11
918622	11	12
866528	11	12
542019	12	12
467584	12	12
413437	12	12
552079	12	12
38131	12	12
472111	12	12
566478	12	12
712294	12	12
60780	12	12
263445	12	12
153481	12	12
995804	12	13
625460	12	13
826789	13	13
370201	13	13
482452	13	13
200257	13	13
977064	13	13
828447	13	13
778521	13	13
77	13	13
726789	13	13
756703	13	13
427623	13	13
183507	13	13
686692	13	13
500661	13	13
881797	13	13
450951	13	13
153273	13	13
946396	13	13
976791	13	13
769823	13	13
769242	13	13
620506	13	14
542932	13	15
704640	14	15
101322	15	15
634943	15	15
244248	15	15
233844	15	15
572161	15	15
184072	15	15
828260	15	15
747545	15	15
85957	15	15
709883	15	15
442779	15	15
63255	15	15
902933	15	15
861852	15	15
346226	15	15
341934	15	16
231901	15	16
78081	16	16
692569	16	16
11095	16	16
544376	16	16
58449	16	16
673604	16	16
137282	16	16
834968	16	16
447931	16	16
362472	16	17
489714	16	18
81123	17	18
474154	18	18
94111	18	18
802205	18	18
58419	18	18
665924	18	18
175264	18	18
560834	18	18
271253	18	18
149035	18	18
849163	18	18
97791	18	18
745070	18	18
449268	18	18
719080	18	18
798013	18	18
1890	18	18
191702	18	18
784390	18	18
502558	18	18
364118	18	18
906994	18	18
885613	18	19
411480	18	20
52367	19	20
116595	20	20
544899	20	20
192593	20	20
15063	20	20
559689	20	20
993220	20	20
972643	20	21
696142	20	22
927575	21	22
169555	22	22
115441	22	22
262787	22	22
965048	22	22
766892	22	22
23514	22	22
730091	22	22
598192	22	22
832494	22	22
817386	22	22
961446	22	22
830427	22	22
284650	22	22
564382	22	22
179558	22	22
674707	22	22
419650	22	22
123953	22	23
423205	22	24
54018	23	24
535923	24	24
904926	24	24
355437	24	24
703824	24	24
885497	24	24
401496	24	24
488732	24	24
806162	24	24
76804	24	24
354649	24	25
482384	24	26
204097	25	26
960121	26	26
490971	26	26
397795	26	27
532555	26	27
41694	27	27
383232	27	27
815111	27	27
376998	27	27
220726	27	28
202126	27	29
457337	28	32
792458	29	32
579008	32	32
937177	32	32
630773	32	32
171079	32	32
507377	32	32
586535	32	32
847995	32	32
785710	32	32
852254	32	32
876287	32	32
41654	32	32
373760	32	32
392293	32	32
133242	32	32
820935	32	32
870007	32	32
433428	32	32
667300	32	32
527008	32	32
623420	32	32
289445	32	32
790383	32	33
32192	32	34
952973	33	34
672313	34	34
821361	34	34
962423	34	34
94892	34	34
996253	34	34
755508	34	34
117351	34	34
731011	34	34
837808	34	34
174988	34	35
488386	34	36
740626	35	36
313891	36	36
53286	36	36
348531	36	37
920750	36	37
421297	37	37
563249	37	37
900245	37	37
171676	37	37
657393	37	38
990765	37	39
352355	38	40
916607	39	40
365792	40	40
335555	40	40
599355	40	40
147903	40	40
567307	40	40
943462	40	40
234391	40	40
696833	40	40
102696	40	40
994111	40	40
189236	40	40
149254	40	41
904971	40	41
386925	41	41
745688	41	41
595188	41	41
81134	41	41
474154	41	41
95903	41	41
243310	41	41
981155	41	41
883952	41	41
987271	41	41
456082	41	41
462474	41	41
105772	41	41
782096	41	42
915277	41	42
21984	42	42
334315	42	42
276539	42	42
505596	42	42
130599	42	42
129735	42	42
918006	42	42
720608	42	42
186126	42	42
356917	42	42
79393	42	42
29482	42	42
258701	42	42
934631	42	42
979236	42	42
400624	42	42
273436	42	42
708907	42	42
179099	42	42
545939	42	42
473169	42	42
824526	42	42
774984	42	43
89980	42	44
746956	43	44
934388	44	44
902948	44	44
854172	44	44
382160	44	44
530183	44	44
424717	44	44
435458	44	44
187509	44	44
708917	44	44
193691	44	45
281047	44	45
654797	45	45
339501	45	45
622092	45	45
968148	45	45
557181	45	45
349124	45	45
87423	45	45
86732	45	46
899067	45	47
877259	46	47
289206	47	47
746351	47	47
778996	47	47
136781	47	47
712344	47	47
73580	47	47
528520	47	47
13837	47	47
233545	47	47
481281	47	48
905328	47	48
474989	48	48
307615	48	48
460676	48	48
645467	48	48
945850	48	48
852119	48	48
850175	48	48
339967	48	48
743436	48	48
26356	48	48
457660	48	48
866954	48	49
639299	48	49
373737	49	49
374117	49	49
480869	49	49
811632	49	49
488661	49	49
807186	49	49
350212	49	49
360319	49	49
954401	49	49
36874	49	49
149551	49	49
981003	49	49
852208	49	49
864767	49	49
92227	49	51
305821	49	51
997811	51	51
152581	51	51
770780	51	51
13483	51	51
162121	51	51
199503	51	51
784040	51	51
409118	51	51
446398	51	51
975639	51	51
460319	51	51
538971	51	51
685999	51	51
314293	51	51
156198	51	51
695469	51	51
738391	51	51
738386	51	51
721234	51	51
330254	51	52
237162	51	53
426194	52	53
814594	53	53
245926	53	53
648564	53	53
745611	53	53
583156	53	53
891	53	53
932101	53	53
310564	53	53
201557	53	53
291961	53	54
433984	53	55
813476	54	55
963797	55	55
439724	55	55
281670	55	55
799949	55	55
481634	55	55
4417	55	55
826582	55	55
301081	55	56
773346	55	56
690347	56	56
427654	56	56
188371	56	57
919093	56	58
4017	57	58
734422	58	58
723073	58	58
819470	58	59
493943	58	59
161972	59	59
169039	59	59
985120	59	59
886209	59	59
564568	59	59
235878	59	59
81618	59	59
604970	59	59
578448	59	59
795609	59	59
383377	59	59
837895	59	59
215180	59	59
790508	59	59
83904	59	59
183803	59	60
749668	59	62
630469	60	62
109127	62	62
645601	62	62
986042	62	62
121490	62	62
812372	62	62
666581	62	62
358048	62	62
353313	62	62
160080	62	62
676990	62	62
22803	62	62
529387	62	62
218125	62	62
536253	62	62
990174	62	62
184931	62	62
38965	62	62
686127	62	62
346805	62	62
490670	62	62
305379	62	62
870067	62	63
431636	62	64
212388	63	64
79340	64	64
17706	64	64
223258	64	64
865422	64	64
255299	64	64
68071	64	64
130487	64	64
93895	64	64
733341	64	64
430977	64	65
22692	64	66
520939	65	66
73067	66	66
408968	66	66
407998	66	66
140990	66	66
785769	66	66
864286	66	66
956786	66	66
633866	66	67
967751	66	67
458877	67	67
170331	67	67
312561	67	68
712277	67	69
58220	68	69
610628	69	69
31282	69	69
717965	69	70
508221	69	71
818471	70	71
242551	71	71
797603	71	71
900241	71	71
157340	71	71
971437	71	71
396110	71	71
101707	71	71
747839	71	71
153541	71	71
17581	71	71
204826	71	71
128074	71	71
497910	71	71
170629	71	71
392177	71	71
103034	71	72
72464	71	73
263304	72	74
119177	73	74
220244	74	74
79246	74	74
997721	74	74
124421	74	74
562725	74	74
751765	74	74
147862	74	74
557323	74	75
372420	74	75
47461	75	75
858833	75	75
574369	75	75
731400	75	75
951984	75	75
407865	75	75
107710	75	75
269537	75	75
709722	75	75
387483	75	75
907736	75	75
76094	75	75
173145	75	75
21186	75	75
130795	75	75
175303	75	75
569538	75	76
494903	75	77
409012	76	77
419262	77	77
28721	77	77
63117	77	77
861717	77	77
313714	77	77
16166	77	77
829769	77	77
134890	77	77
235928	77	77
109010	77	77
598241	77	77
845038	77	77
37422	77	78
275503	77	78
237052	78	78
392658	78	78
212602	78	78
137452	78	78
884376	78	78
114520	78	79
8323	78	79
841127	79	79
27997	79	79
876988	79	80
208054	79	80
969802	80	80
979837	80	80
532976	80	80
154590	80	80
279213	80	80
190157	80	80
372230	80	80
985236	80	80
928705	80	80
448339	80	80
472552	80	80
667854	80	81
664224	80	82
755919	81	82
228967	82	82
307760	82	82
483716	82	82
541505	82	82
334720	82	82
398139	82	82
632395	82	82
603975	82	82
330384	82	82
287850	82	83
386159	82	83
568792	83	83
309047	83	83
827780	83	83
618777	83	83
120020	83	83
417364	83	83
539744	83	83
880815	83	84
187783	83	84
778805	84	84
86093	84	84
748539	84	84
339141	84	84
528652	84	84
45581	84	84
379089	84	84
754486	84	85
846998	84	86
547374	85	88
842321	86	88
348253	88	88
849838	88	88
257791	88	88
706023	88	88
436170	88	88
371829	88	88
885396	88	88
360792	88	88
70386	88	88
727479	88	88
943583	88	88
269207	88	89
613466	88	90
762162	89	90
826168	90	90
208665	90	90
129051	90	90
747766	90	90
140741	90	90
738665	90	90
793938	90	92
