1	0	16
3	17	25
4	26	26
5	27	87
6	88	101
7	102	116
8	117	126
9	127	127
10	128	135
11	136	150
12	151	164
13	165	180
14	181	181
15	182	194
16	195	203
17	204	221
18	222	222
19	223	238
20	239	239
21	240	252
22	253	253
23	254	257
24	258	264
25	265	268
26	269	269
27	270	273
28	274	274
29	275	288
30	289	289
31	290	296
32	297	297
33	298	309
34	310	310
35	311	325
36	326	337
37	338	338
38	339	339
39	340	340
40	341	359
41	360	360
42	361	373
43	374	374
44	375	378
45	379	385
46	386	389
47	390	390
48	391	394
49	395	395
50	396	409
51	410	410
52	411	417
53	418	418
54	419	430
55	431	431
56	432	446
57	447	458
58	459	459
59	460	460
60	461	461
61	462	465
62	466	473
63	474	474
64	475	494
65	495	508
66	509	523
67	524	532
68	533	549
69	550	556
70	557	573
71	574	574
72	575	578
73	579	579
74	580	590
75	591	597
76	598	615
77	616	616
78	617	620
79	621	647
80	648	664
81	665	678
82	679	703
83	704	704
84	705	719
85	720	729
86	730	746
87	747	747
88	748	748
89	749	756
90	757	757
