1	0	22
2	23	28
3	29	37
4	38	38
5	39	79
6	80	97
7	98	102
8	103	112
9	113	113
10	114	121
11	122	133
12	134	146
13	147	169
14	170	170
15	171	187
16	188	198
17	199	199
18	200	222
19	223	223
20	224	231
21	232	232
22	233	251
23	252	252
24	253	263
25	264	264
26	265	268
27	269	274
28	275	275
29	276	276
32	277	299
33	300	300
34	301	311
35	312	312
36	313	316
37	317	322
38	323	323
39	324	324
40	325	337
41	338	352
42	353	376
43	377	377
44	378	388
45	389	397
46	398	398
47	399	409
48	410	422
49	423	438
51	439	459
52	460	460
53	461	471
54	472	472
55	473	481
56	482	485
57	486	486
58	487	490
59	491	507
60	508	508
62	509	531
63	532	532
64	533	543
65	544	544
66	545	553
67	554	557
68	558	558
69	559	562
70	563	563
71	564	580
72	581	581
73	582	582
74	583	591
75	592	609
76	610	610
77	611	624
78	625	631
79	632	635
80	636	648
81	649	649
82	650	660
83	661	669
84	670	678
85	679	679
86	680	680
88	681	693
89	694	694
90	695	702
92	703	703
